WS01:
  qw: 0.9914480842722067
  qx: 0.0
  qy: 0.0
  qz: 0.13050170954041682
  x: 0.39650385430071466
  y: -0.33938751420160346
  z: 0.0
sanjay_is_gay_for_himself:
  qw: 0.9980274726186986
  qx: 0.0
  qy: 0.0
  qz: -0.06277868984243638
  x: 0.1409196275824353
  y: -0.7530565781519412
  z: 0.0
